8.568822145459999984e-01 1.709547340869999876e-01 1.584506332869999867e-01
8.629443645480000535e-01 1.709547340869999876e-01 1.584753096100000036e-01
8.444691300390000377e-01 1.617009937760000016e-01 1.554613411430000036e-01
8.444962501530000054e-01 1.713956296440000138e-01 1.544948220250000059e-01
8.484661579129999520e-01 1.613886207340000101e-01 1.584396362300000138e-01
8.467865586280000079e-01 1.712854057550000086e-01 1.554909050459999942e-01
8.564251065250000350e-01 1.710649728779999879e-01 1.574694812300000135e-01
8.487149477009999776e-01 1.614927500489999890e-01 1.574620753529999972e-01
8.487618565560000050e-01 1.718365252019999900e-01 1.505309492349999889e-01
8.568856120109999974e-01 1.710649728779999879e-01 1.575485020880000031e-01
8.488221764559999993e-01 1.709547340869999876e-01 1.584585160020000050e-01
8.453306555749999784e-01 1.709547340869999876e-01 1.584515720609999956e-01
8.492463231089999454e-01 1.711751818660000035e-01 1.565093100069999965e-01
8.606646060939999732e-01 1.811082065109999861e-01 1.535761952399999908e-01
8.568737506870000020e-01 1.815734803680000009e-01 1.495964825149999899e-01
8.564327955249999569e-01 1.807592511180000083e-01 1.565617173909999993e-01
8.569862842559999860e-01 1.818061172959999916e-01 1.477025151249999890e-01
8.629371523859999948e-01 1.806429326529999935e-01 1.575668007140000049e-01
8.782518506049999951e-01 1.519266515970000009e-01 1.574651747939999902e-01
8.721355199810000292e-01 1.518286466600000106e-01 1.584612131120000100e-01
8.756605982780000241e-01 1.614927500489999890e-01 1.574318408969999916e-01
8.742570281029999890e-01 1.710649728779999879e-01 1.574572622779999986e-01
8.714290261270000171e-01 1.713956296440000138e-01 1.544767469170000018e-01
8.828848004339999722e-01 1.618051230910000082e-01 1.544504165649999983e-01
8.845676779750000218e-01 1.613886207340000101e-01 1.584296077490000010e-01
8.714852333070000068e-01 1.709547340869999876e-01 1.584585011009999878e-01
8.721311092379999685e-01 1.614927500489999890e-01 1.574326604600000123e-01
8.721248507500000136e-01 1.710649728779999879e-01 1.574586480859999915e-01
8.754901885989999633e-01 1.613886207340000101e-01 1.584438532590000115e-01
8.782550692560000538e-01 1.617009937760000016e-01 1.554426699879999929e-01
8.823270201680000202e-01 1.614927500489999890e-01 1.574306786059999907e-01
8.835763335230000237e-01 1.613886207340000101e-01 1.584253907200000033e-01
8.749972581860000487e-01 1.711751818660000035e-01 1.564646661280000017e-01
8.777705430979999557e-01 1.615968793629999900e-01 1.564385145899999940e-01
8.777683377270000253e-01 1.712854057550000086e-01 1.554712504150000119e-01
8.824144005780000244e-01 1.617009937760000016e-01 1.554430276160000124e-01
8.913061618800000030e-01 1.523187309500000086e-01 1.534838676449999939e-01
8.929878473279999618e-01 1.523187309500000086e-01 1.535023301840000021e-01
8.915718197819999524e-01 1.525147706270000014e-01 1.515240222220000099e-01
8.920238614080000517e-01 1.518286466600000106e-01 1.584743708370000004e-01
8.910326957699999939e-01 1.518286466600000106e-01 1.584686934950000070e-01
8.928094506260000340e-01 1.524167507889999940e-01 1.525187045339999881e-01
8.927332758899999554e-01 1.520246863370000034e-01 1.564984917639999917e-01
8.876067399979999939e-01 1.526127904650000089e-01 1.505026668309999982e-01
8.922029137610000271e-01 1.518286466600000106e-01 1.584623306990000091e-01
8.903699517249999973e-01 1.613886207340000101e-01 1.584414839740000136e-01
8.453320264820000096e-01 1.317847669120000009e-01 1.696730405090000060e-01
8.491660952570000420e-01 1.313557773829999997e-01 1.746918410059999927e-01
8.484520912170000484e-01 1.318705528970000040e-01 1.686823219059999934e-01
8.457006216050000358e-01 1.318705528970000040e-01 1.686762571329999960e-01
8.525391221050000468e-01 1.315273791550000126e-01 1.727249324319999890e-01
8.571506738659999680e-01 1.313557773829999997e-01 1.746467500930000138e-01
8.566817641259999450e-01 1.310125887390000132e-01 1.787216216330000107e-01
8.600548505780000186e-01 1.310125887390000132e-01 1.786406934260000023e-01
8.628502488139999649e-01 1.305835992100000120e-01 1.836370080710000019e-01
8.721284866330000218e-01 1.317847669120000009e-01 1.696661561729999879e-01
8.714335560799999492e-01 1.311841905120000040e-01 1.766400188210000000e-01
8.714317679409999684e-01 1.310983896260000114e-01 1.776424199340000121e-01
8.717215061190000114e-01 1.307552009819999972e-01 1.816219985489999911e-01
8.695308566089999802e-01 1.304978132250000089e-01 1.846086084839999863e-01
8.710730075839999698e-01 1.307552009819999972e-01 1.816196292639999932e-01
8.252218961720000356e-01 1.513385623690000070e-01 1.634349375960000017e-01
8.303768634799999493e-01 1.513385623690000070e-01 1.634350866079999909e-01
8.280349373819999581e-01 1.509464830159999993e-01 1.674156188960000124e-01
8.257290720940000384e-01 1.514365673070000029e-01 1.624396741390000121e-01
8.335600495339999805e-01 1.416317969560000056e-01 1.655379086730000004e-01
8.391968607899999988e-01 1.412641555069999999e-01 1.695072352889999967e-01
8.334320187570000149e-01 1.412641555069999999e-01 1.695058196779999915e-01
8.386986851690000355e-01 1.409884393220000032e-01 1.724939346309999899e-01
8.400185108180000526e-01 1.408046185969999975e-01 1.744843274350000029e-01
8.380666971210000149e-01 1.412641555069999999e-01 1.695073544980000013e-01
8.376013040540000176e-01 1.410803347829999999e-01 1.715012192729999940e-01
8.400184512139999837e-01 1.514365673070000029e-01 1.624396592379999948e-01
8.380702733989999764e-01 1.511425375940000093e-01 1.654269546269999946e-01
8.375875949859999947e-01 1.515346020459999998e-01 1.614485532050000116e-01
8.335637450220000355e-01 1.511425375940000093e-01 1.654406338930000109e-01
8.391911387439999759e-01 1.509464830159999993e-01 1.674172729249999991e-01
8.334414362909999818e-01 1.515346020459999998e-01 1.614446491000000039e-01
8.366450667379999873e-01 1.508484780790000090e-01 1.684109121559999867e-01
8.387022018430000392e-01 1.504563987260000013e-01 1.723925918339999919e-01
8.457170724870000100e-01 1.416317969560000056e-01 1.655310541389999890e-01
8.484425544739999658e-01 1.413560658690000138e-01 1.685244590040000101e-01
8.466823697090000156e-01 1.411722600460000032e-01 1.705234050749999952e-01
8.453337550160000546e-01 1.413560658690000138e-01 1.685189604760000126e-01
8.491442203519999898e-01 1.407127082350000113e-01 1.755264699459999911e-01
8.443481326099999684e-01 1.411722600460000032e-01 1.705211699009999970e-01
8.439424633980000534e-01 1.408965289590000114e-01 1.734889298679999914e-01
8.430209159849999523e-01 1.412641555069999999e-01 1.695074737070000059e-01
8.487657904619999583e-01 1.408046185969999975e-01 1.744923889639999892e-01
8.431846499439999976e-01 1.410803347829999999e-01 1.715153902769999961e-01
8.420251607890000267e-01 1.409884393220000032e-01 1.724929660560000078e-01
8.457266092299999816e-01 1.512405425309999996e-01 1.644386202099999972e-01
8.432205915449999534e-01 1.511425375940000093e-01 1.654435247180000013e-01
8.484545350069999659e-01 1.513385623690000070e-01 1.634495109319999973e-01
8.486484885220000329e-01 1.509464830159999993e-01 1.674470454449999979e-01
8.453420400619999775e-01 1.511425375940000093e-01 1.654342859980000024e-01
8.467066884039999852e-01 1.509464830159999993e-01 1.674377471210000135e-01
8.420189619060000075e-01 1.509464830159999993e-01 1.674157232050000055e-01
8.487901687619999747e-01 1.509464830159999993e-01 1.674236953259999883e-01
8.492460846899999583e-01 1.516326218840000073e-01 1.604960113760000029e-01
8.459756374360000164e-01 1.501623541119999905e-01 1.753832101820000100e-01
8.439568281170000130e-01 1.506524384019999885e-01 1.704015284779999972e-01
8.443707227710000041e-01 1.506524384019999885e-01 1.704210489990000132e-01
8.446353077889999783e-01 1.508484780790000090e-01 1.684109717610000057e-01
8.452959060670000024e-01 1.500643342730000052e-01 1.763733625410000005e-01
8.450323939320000255e-01 1.503583937880000054e-01 1.733923107389999940e-01
8.430234193800000275e-01 1.507504582410000016e-01 1.694078296419999907e-01
8.436381816860000216e-01 1.501623541119999905e-01 1.753804534670000137e-01
8.487728834150000123e-01 1.501623541119999905e-01 1.753931790590000095e-01
8.485688567160000195e-01 1.403450667860000056e-01 1.794944256540000060e-01
8.487880229950000022e-01 1.403450667860000056e-01 1.794792711729999990e-01
8.459897637369999668e-01 1.405288875100000057e-01 1.774777174000000124e-01
8.335676789279999888e-01 1.606597751380000050e-01 1.654023677110000035e-01
8.391780853270000007e-01 1.611803770069999975e-01 1.604157686229999991e-01
8.375926613809999699e-01 1.612845063209999985e-01 1.594236642119999936e-01
8.366416096690000304e-01 1.607639044520000060e-01 1.643924862149999944e-01
8.400192856789999718e-01 1.612845063209999985e-01 1.594194918869999977e-01
8.380768895150000342e-01 1.612845063209999985e-01 1.594213247300000080e-01
8.387079834939999978e-01 1.601391732690000125e-01 1.703607887030000045e-01
8.439718484879999982e-01 1.605556607249999934e-01 1.663817912339999872e-01
8.420141339300000194e-01 1.612845063209999985e-01 1.594196408989999869e-01
8.487214446070000529e-01 1.608680188659999954e-01 1.634139865639999967e-01
8.492309451099999684e-01 1.611803770069999975e-01 1.604607999319999923e-01
8.467414379119999612e-01 1.609721481799999965e-01 1.624254435299999910e-01
8.453171253200000290e-01 1.607639044520000060e-01 1.643935590979999917e-01
8.446182608600000252e-01 1.606597751380000050e-01 1.653871089220000090e-01
8.430385589600000174e-01 1.610762625930000080e-01 1.614105850460000047e-01
8.487916588780000104e-01 1.604515314099999868e-01 1.673841327430000137e-01
8.432415723799999707e-01 1.609721481799999965e-01 1.624215990300000023e-01
8.457493186000000218e-01 1.612845063209999985e-01 1.594281643630000023e-01
8.453398346899999583e-01 1.606597751380000050e-01 1.653959900139999883e-01
8.436496853830000031e-01 1.600350439550000115e-01 1.713577359909999875e-01
8.450313806529999860e-01 1.599309295419999999e-01 1.723544746640000014e-01
8.459641337390000349e-01 1.599309295419999999e-01 1.723549366000000083e-01
8.446006774900000069e-01 1.706240773200000116e-01 1.614323556420000083e-01
8.484514951710000474e-01 1.708445101980000103e-01 1.594589650630000022e-01
8.457551002500000026e-01 1.708445101980000103e-01 1.594529598949999960e-01
8.450115919109999485e-01 1.702934056519999906e-01 1.644194424150000056e-01
8.439860939979999532e-01 1.704036295409999957e-01 1.634201556440000036e-01
8.453339934350000417e-01 1.700729578730000024e-01 1.664106696840000066e-01
8.436672687530000214e-01 1.702934056519999906e-01 1.644171476359999884e-01
8.459608554840000183e-01 1.700729578730000024e-01 1.664077192539999972e-01
8.487206101419999538e-01 1.705138534310000065e-01 1.624421030279999956e-01
8.513190150260000477e-01 1.510445028540000068e-01 1.664250940080000130e-01
8.629123568530000510e-01 1.508484780790000090e-01 1.684356182810000102e-01
8.515676259990000441e-01 1.502603739499999980e-01 1.743879765269999993e-01
8.515615463260000073e-01 1.407127082350000113e-01 1.754862517119999965e-01
8.594320416449999778e-01 1.503583937880000054e-01 1.733956336980000124e-01
8.563348054889999839e-01 1.406207978729999974e-01 1.764887571329999960e-01
8.509461879730000344e-01 1.503583937880000054e-01 1.733997762199999959e-01
8.563392162320000445e-01 1.500643342730000052e-01 1.763850599529999952e-01
8.571475148199999561e-01 1.503583937880000054e-01 1.733880192039999879e-01
8.571498394009999799e-01 1.408965289590000114e-01 1.734899431470000031e-01
8.661479949949999479e-01 1.503583937880000054e-01 1.734139919279999997e-01
8.509646654129999765e-01 1.406207978729999974e-01 1.764889508489999870e-01
8.568973541259999882e-01 1.503583937880000054e-01 1.733869463209999906e-01
8.568123579030000325e-01 1.511425375940000093e-01 1.655168533330000080e-01
8.567637205120000043e-01 1.411722600460000032e-01 1.705927252770000069e-01
8.557580113410000466e-01 1.501623541119999905e-01 1.753775924440000022e-01
8.606351613999999595e-01 1.505544185640000088e-01 1.714034378529999958e-01
8.525799512859999485e-01 1.413560658690000138e-01 1.685821712020000029e-01
8.504286408419999832e-01 1.406207978729999974e-01 1.764813959600000093e-01
8.504290580750000217e-01 1.500643342730000052e-01 1.763776987790000028e-01
8.526492118840000023e-01 1.515346020459999998e-01 1.615171432499999948e-01
8.600603342060000323e-01 1.403450667860000056e-01 1.794732511040000034e-01
8.606248497959999577e-01 1.405288875100000057e-01 1.774788051839999992e-01
8.600728511809999643e-01 1.498683094980000075e-01 1.783725917339999967e-01
8.660798668860000271e-01 1.399774402379999894e-01 1.834733486179999928e-01
8.557429313659999925e-01 1.404369771479999918e-01 1.784678548570000078e-01
8.508991003039999557e-01 1.498683094980000075e-01 1.783627122639999951e-01
8.594193458559999943e-01 1.403450667860000056e-01 1.794721782210000061e-01
8.508880138400000126e-01 1.405288875100000057e-01 1.774717420340000129e-01
8.628616333009999639e-01 1.403450667860000056e-01 1.794879585499999930e-01
8.569046258929999826e-01 1.402531713250000089e-01 1.804591566319999896e-01
8.512786626820000313e-01 1.402531713250000089e-01 1.804636120800000021e-01
8.571546077730000102e-01 1.702934056519999906e-01 1.644151359799999879e-01
8.629002571110000464e-01 1.603474020960000135e-01 1.683954149480000051e-01
8.662057518960000202e-01 1.700729578730000024e-01 1.664291322229999870e-01
8.661680817600000415e-01 1.600350439550000115e-01 1.713817864659999968e-01
8.504269123080000492e-01 1.596185564990000028e-01 1.753380894659999911e-01
8.594479560850000199e-01 1.605556607249999934e-01 1.663904488090000022e-01
8.513468503950000210e-01 1.708445101980000103e-01 1.594491004939999901e-01
8.601549863820000530e-01 1.707343012089999890e-01 1.604482978579999941e-01
8.515521287920000404e-01 1.705138534310000065e-01 1.624320298430000087e-01
8.594397306440000328e-01 1.700729578730000024e-01 1.664105802770000087e-01
8.504006266589999585e-01 1.701831817630000132e-01 1.654132455589999995e-01
8.557853698730000236e-01 1.701831817630000132e-01 1.654080897569999986e-01
8.557700514789999824e-01 1.603474020960000135e-01 1.683710515500000116e-01
8.568932414050000057e-01 1.600350439550000115e-01 1.713546663520000013e-01
8.526694774630000362e-01 1.612845063209999985e-01 1.594923883680000043e-01
8.606489300730000291e-01 1.706240773200000116e-01 1.614393442869999917e-01
8.606421351430000311e-01 1.605556607249999934e-01 1.663886606689999881e-01
8.526698350910000279e-01 1.708445101980000103e-01 1.595172435049999893e-01
8.568167090420000243e-01 1.607639044520000060e-01 1.644840687509999955e-01
8.563556075099999498e-01 1.598268002269999932e-01 1.733563542369999932e-01
8.571557998659999900e-01 1.606597751380000050e-01 1.653882414099999976e-01
8.509443998340000537e-01 1.597226858140000094e-01 1.743510663510000058e-01
8.513317704199999669e-01 1.608680188659999954e-01 1.634025424720000064e-01
8.509256839750000134e-01 1.696320772169999935e-01 1.703773736950000006e-01
8.509146571160000061e-01 1.602432876830000019e-01 1.693652868270000000e-01
8.508933782580000438e-01 1.704036295409999957e-01 1.634330153469999991e-01
8.515654206280000027e-01 1.601391732690000125e-01 1.703658550980000075e-01
8.600779175760000506e-01 1.592020839449999892e-01 1.793207824230000080e-01
8.601668477060000484e-01 1.804102957250000028e-01 1.595385074619999899e-01
8.662490844729999750e-01 1.802939623589999985e-01 1.605492830280000061e-01
8.594551682469999676e-01 1.804102957250000028e-01 1.595373600720000062e-01
8.558000326160000171e-01 1.801776587960000064e-01 1.615151911970000020e-01
8.571573495859999836e-01 1.802939623589999985e-01 1.605229526760000025e-01
8.714334368709999445e-01 1.411722600460000032e-01 1.705033630130000089e-01
8.756589293480000480e-01 1.409884393220000032e-01 1.724942922590000094e-01
8.749823570250000460e-01 1.412641555069999999e-01 1.695076972250000036e-01
8.753842711449999481e-01 1.409884393220000032e-01 1.724936366079999894e-01
8.742456436159999900e-01 1.413560658690000138e-01 1.685107052329999910e-01
8.695366978649999856e-01 1.409884393220000032e-01 1.724928915499999993e-01
8.753498792649999638e-01 1.408046185969999975e-01 1.745031177999999961e-01
8.758364319800000519e-01 1.410803347829999999e-01 1.715007424349999920e-01
8.756118416789999692e-01 1.406207978729999974e-01 1.764775067569999967e-01
8.732047080989999710e-01 1.409884393220000032e-01 1.724937856200000064e-01
8.721243143079999705e-01 1.413560658690000138e-01 1.685120910410000117e-01
8.732033967969999866e-01 1.510445028540000068e-01 1.664212644099999916e-01
8.756577372549999572e-01 1.510445028540000068e-01 1.664217710489999946e-01
8.714735507969999517e-01 1.513385623690000070e-01 1.634429842229999930e-01
8.758385181429999555e-01 1.509464830159999993e-01 1.674192547799999986e-01
8.756312727930000150e-01 1.509464830159999993e-01 1.674172580240000097e-01
8.742488026620000019e-01 1.511425375940000093e-01 1.654260456559999981e-01
8.754547834400000506e-01 1.517306268220000032e-01 1.594730019570000101e-01
8.717032074930000096e-01 1.503583937880000054e-01 1.733890473839999891e-01
8.749818801880000496e-01 1.508484780790000090e-01 1.684128791089999910e-01
8.714218139649999584e-01 1.505544185640000088e-01 1.713982522489999882e-01
8.710928559299999652e-01 1.501623541119999905e-01 1.753771156070000059e-01
8.695464134220000085e-01 1.504563987260000013e-01 1.723915636539999907e-01
8.753927350040000555e-01 1.505544185640000088e-01 1.713970303540000018e-01
8.777577877040000365e-01 1.414479762320000056e-01 1.675166040659999966e-01
8.784708380700000374e-01 1.417237073179999918e-01 1.645321547989999911e-01
8.782417178150000447e-01 1.417237073179999918e-01 1.645280867820000104e-01
8.811581134799999493e-01 1.416317969560000056e-01 1.655305176970000014e-01
8.795878887179999772e-01 1.408965289590000114e-01 1.734939068559999964e-01
8.796473741529999835e-01 1.408965289590000114e-01 1.734943687920000033e-01
8.773461580279999783e-01 1.408965289590000114e-01 1.735008358959999886e-01
8.824158906939999492e-01 1.413560658690000138e-01 1.685116142030000097e-01
8.790847659110000434e-01 1.407127082350000113e-01 1.754828989509999992e-01
8.817391991620000535e-01 1.408965289590000114e-01 1.734951436520000001e-01
8.779913187029999566e-01 1.407127082350000113e-01 1.754815429450000130e-01
8.772469758990000255e-01 1.411722600460000032e-01 1.705046594140000038e-01
8.766819834710000148e-01 1.408046185969999975e-01 1.744844019410000113e-01
8.828450441359999568e-01 1.413560658690000138e-01 1.685134768490000046e-01
8.765950798989999848e-01 1.412641555069999999e-01 1.695089042190000006e-01
8.835729956629999604e-01 1.512405425309999996e-01 1.644304394720000062e-01
8.813487887380000441e-01 1.510445028540000068e-01 1.664215773340000093e-01
8.811647295950000291e-01 1.511425375940000093e-01 1.654332578180000013e-01
8.823221921920000321e-01 1.513385623690000070e-01 1.634351313109999870e-01
8.839349150659999710e-01 1.515346020459999998e-01 1.614523679019999880e-01
8.845696449280000540e-01 1.515346020459999998e-01 1.614490598439999869e-01
8.780058622359999676e-01 1.509464830159999993e-01 1.674170345069999899e-01
8.784693479540000016e-01 1.512405425309999996e-01 1.644354909659999919e-01
8.836709856990000445e-01 1.513385623690000070e-01 1.634350568060000120e-01
8.828649520869999989e-01 1.515346020459999998e-01 1.614480912690000047e-01
8.777651786800000355e-01 1.515346020459999998e-01 1.614470779899999930e-01
8.817538619039999581e-01 1.506524384019999885e-01 1.704077571629999954e-01
8.773453831669999481e-01 1.502603739499999980e-01 1.743940562009999862e-01
8.821122646329999650e-01 1.507504582410000016e-01 1.694097816940000056e-01
8.788691759110000001e-01 1.503583937880000054e-01 1.733960807319999964e-01
8.796443343159999761e-01 1.505544185640000088e-01 1.714020222429999962e-01
8.795896172520000222e-01 1.508484780790000090e-01 1.684160828590000047e-01
8.828200697900000504e-01 1.508484780790000090e-01 1.684212386610000056e-01
8.765831589700000537e-01 1.508484780790000090e-01 1.684140861029999880e-01
8.772554993629999576e-01 1.505544185640000088e-01 1.713995635510000004e-01
8.790742754939999681e-01 1.501623541119999905e-01 1.753799021240000089e-01
8.766820430759999505e-01 1.502603739499999980e-01 1.743818819519999952e-01
8.824053406720000492e-01 1.508484780790000090e-01 1.684125363829999944e-01
8.714300394059999455e-01 1.405288875100000057e-01 1.774796992540000062e-01
8.717106580729999665e-01 1.404369771479999918e-01 1.784697473050000094e-01
8.788308501239999737e-01 1.399774402379999894e-01 1.834556013349999959e-01
8.710836768149999854e-01 1.400693506000000033e-01 1.824503988030000134e-01
8.714778423310000077e-01 1.610762625930000080e-01 1.614167839289999962e-01
8.714246749880000253e-01 1.608680188659999954e-01 1.633997857570000101e-01
8.717044591899999473e-01 1.608680188659999954e-01 1.634001582859999913e-01
8.742496967320000367e-01 1.607639044520000060e-01 1.643932163719999950e-01
8.758317232129999574e-01 1.604515314099999868e-01 1.673796623949999895e-01
8.695542216299999572e-01 1.605556607249999934e-01 1.663815081120000039e-01
8.756417632099999793e-01 1.607639044520000060e-01 1.643939912319999919e-01
8.731952905650000041e-01 1.605556607249999934e-01 1.663824170830000004e-01
8.749812841420000487e-01 1.604515314099999868e-01 1.673781424759999970e-01
8.754000663759999856e-01 1.600350439550000115e-01 1.713551878929999994e-01
8.711022138599999742e-01 1.602432876830000019e-01 1.693651527170000060e-01
8.756521344180000499e-01 1.706240773200000116e-01 1.614337861540000030e-01
8.716879487040000152e-01 1.704036295409999957e-01 1.634222120050000115e-01
8.731916546819999958e-01 1.705138534310000065e-01 1.624268144369999944e-01
8.755154609680000366e-01 1.708445101980000103e-01 1.594631671910000104e-01
8.758291006089999886e-01 1.701831817630000132e-01 1.654112637040000000e-01
8.754177093510000507e-01 1.706240773200000116e-01 1.614329218860000026e-01
8.695632815360000434e-01 1.702934056519999906e-01 1.644138395789999929e-01
8.711110949520000091e-01 1.707343012089999890e-01 1.604381501669999988e-01
8.789142966270000468e-01 1.610762625930000080e-01 1.614181250329999873e-01
8.784676790240000255e-01 1.607639044520000060e-01 1.643978208300000132e-01
8.772826790809999942e-01 1.608680188659999954e-01 1.634011119600000117e-01
8.828490972520000035e-01 1.610762625930000080e-01 1.614191681150000113e-01
8.817771673199999993e-01 1.607639044520000060e-01 1.643989235159999951e-01
8.790905475620000020e-01 1.610762625930000080e-01 1.614114642139999889e-01
8.780106902119999557e-01 1.605556607249999934e-01 1.663828939199999968e-01
8.766781091690000194e-01 1.610762625930000080e-01 1.614086925980000031e-01
8.795912265780000405e-01 1.608680188659999954e-01 1.634031087160000006e-01
8.836708664889999509e-01 1.612845063209999985e-01 1.594197303060000126e-01
8.811712265009999934e-01 1.606597751380000050e-01 1.653949916359999939e-01
8.813543915749999513e-01 1.607639044520000060e-01 1.643935889010000040e-01
8.839477896690000058e-01 1.610762625930000080e-01 1.614166051150000003e-01
8.765753507610000161e-01 1.606597751380000050e-01 1.653902381659999865e-01
8.821098804470000054e-01 1.603474020960000135e-01 1.683744490150000106e-01
8.796439170840000266e-01 1.603474020960000135e-01 1.683763712640000132e-01
8.773682713510000397e-01 1.602432876830000019e-01 1.693774163719999892e-01
8.766779899600000148e-01 1.707343012089999890e-01 1.604382097719999900e-01
8.765611648559999969e-01 1.701831817630000132e-01 1.654109656809999995e-01
8.811742663380000007e-01 1.700729578730000024e-01 1.664097160099999861e-01
8.774067759510000286e-01 1.707343012089999890e-01 1.604504883289999961e-01
8.813573718070000229e-01 1.702934056519999906e-01 1.644150465729999899e-01
8.796460032459999523e-01 1.702934056519999906e-01 1.644195914269999947e-01
8.821095824239999494e-01 1.700729578730000024e-01 1.664054691790000096e-01
8.790779709820000232e-01 1.705138534310000065e-01 1.624286770820000114e-01
8.780236840249999730e-01 1.708445101980000103e-01 1.594457626340000100e-01
8.772929906849999959e-01 1.704036295409999957e-01 1.634231656790000042e-01
8.784738779070000447e-01 1.706240773200000116e-01 1.614376455550000089e-01
8.906532526020000118e-01 1.511425375940000093e-01 1.654303967949999898e-01
8.912371397020000252e-01 1.515346020459999998e-01 1.614598631860000022e-01
8.903315067289999662e-01 1.511425375940000093e-01 1.654416173699999881e-01
8.858090639110000053e-01 1.509464830159999993e-01 1.674665212629999900e-01
8.861705064770000195e-01 1.511425375940000093e-01 1.654423475269999888e-01
8.862730860709999714e-01 1.514365673070000029e-01 1.624605953690000104e-01
8.897906541819999848e-01 1.510445028540000068e-01 1.664282232519999905e-01
8.917965292930000176e-01 1.516326218840000073e-01 1.604550778870000027e-01
8.880655169490000445e-01 1.513385623690000070e-01 1.634596735240000098e-01
8.895289897920000133e-01 1.511425375940000093e-01 1.654720306399999896e-01
8.873648643489999710e-01 1.506524384019999885e-01 1.704103648660000025e-01
8.857936859130000062e-01 1.503583937880000054e-01 1.734000444409999897e-01
8.931457400319999795e-01 1.607639044520000060e-01 1.644703596830000003e-01
8.898105025289999581e-01 1.609721481799999965e-01 1.624111235139999998e-01
8.912303447720000271e-01 1.612845063209999985e-01 1.594349741939999898e-01
8.858181834220000272e-01 1.605556607249999934e-01 1.663948893549999919e-01
8.895494341849999875e-01 1.609721481799999965e-01 1.624501794579999991e-01
8.957350850109999651e-01 1.603474020960000135e-01 1.684122979640000073e-01
8.874101638789999580e-01 1.609721481799999965e-01 1.624124497180000071e-01
8.862799406050000384e-01 1.611803770069999975e-01 1.604350209239999991e-01
8.861756324770000415e-01 1.608680188659999954e-01 1.634149551390000066e-01
8.858541250229999831e-01 1.608680188659999954e-01 1.634489148859999963e-01
8.880538344380000115e-01 1.608680188659999954e-01 1.634225398299999910e-01
